geneID	SCR1.1	SCR1.2	SCR2.1	SCR2.2	SCR3.1	SCR3.2	SCR4.1	SCR4.2	SCR5.1	SCR5.2	SiP1.1	SiP1.2	SiP2.1	SiP2.2	SiP3.1	SiP3.2	SiP4.1	SiP4.2	SiP5.1	SiP5.2
1700012B09Rik	3.8154740182411024	1.6597061954246763	3.181959881192257	1.0667249318277718	2.8095813989560567	1.2019499444499895	3.254500797871879	1.1963601943536715	3.7105259346728916	1.275411815439781	3.05551221701763	1.1395127431159568	3.3763056949092554	1.1055198572483156	1.190343516659189	3.348196617834357	3.1017422867360693	1.009697174167427	3.368526035164233	1.6593602772055596
2310015B20Rik	-5.238135543315253	-0.8358504205914419	-2.5779199975409544	1.2114326155815152	-0.6384685136907442	0.23114059619175795	-0.5751129786503187	0.13991601416327187	-5.390462556877854	1.0708492040078692	-1.3368080686687378	-0.3967794839361233	-2.123427618600377	1.3131751794224673	0.5621105435628031	-1.3512899793644009	-1.78334721541105	0.6221717590537088	-1.4410518763081503	1.2328162369540034
4930422G04Rik	3.9248474378913243	1.6874110803763225	4.391402740466375	3.2707869833595256	4.1181331674733235	3.2191150055286784	3.5774839522772446	-5.253525501507694	2.9544432626661794	2.3367172462320602	3.1967778838796286	2.7451884001980478	4.1617891112968675	-5.228816280776139	3.485572974364586	3.1016775272141155	3.9067238620306917	1.6054960067276252	4.307450883104446	1.2226527575232682
4930486L24Rik	-0.014582422069319144	3.468597562056875	-0.4287436358981352	4.69442841619815	0.1973662075320142	3.889837118935417	0.7724300592871723	4.044806710892146	-0.03583865719654933	4.28231236938156	0.11432141292419297	3.504387769290297	0.5130950967009362	4.7086891551578915	4.06564860374536	0.9646151369383227	0.42804000517675067	4.5291504438944505	0.3690151701920833	4.389856329671529
8430408G22Rik	2.191480725371609	5.6249132712505885	1.3869336272788837	4.821811400261002	0.2976046664727471	4.683452180083862	2.0309273619703174	4.996422006412532	1.530453709823057	4.549857277540892	1.9734868359720423	5.31170781681753	1.2037384861131926	5.015964536138379	4.961145580712026	1.5360649947909615	1.5152494476749623	4.9452512210315716	1.1782530172894852	4.916064547389797
Ace	0.09959344437832603	3.5309468534146973	-1.0797326311351239	4.205415181428113	-0.33685480642752014	3.8755984109142183	-0.2518808622816791	4.854905775213447	0.3970055763126089	3.9722297151233956	1.8592731259752757	5.474789112224516	1.9815155497133394	5.5225055928592	5.403879839183183	1.8427763734922378	1.8473809996053656	4.589223422815006	2.409738310576489	5.59399663764347
Ackr4	-5.238135543315253	-0.2753449857310222	-5.377809849485888	-5.204267868301881	-5.309929281761597	-5.280354135664134	-5.335441072259133	0.27800674887137605	-5.390462556877854	-1.7650331065256473	-5.217899309755417	0.3031753946897637	-5.271315690072758	0.647448685613273	0.7215105379540531	-5.25808446982124	-5.2414220529280895	0.4783664154900668	-1.8652416845918993	-5.245715604311968
Actn3	3.74809396931604	5.11363196740863	1.9365703610952407	7.184814529497787	3.8913296071417083	6.039007968859752	4.223805455183684	6.072548620667812	4.458682221788516	6.555055636733644	2.9523840618160433	4.936235961336514	2.6800777853005093	6.940693174105469	5.897631948713756	4.338397313235669	4.2707576157723635	6.594747241750871	4.146469461049961	6.58004657215139
Adh1	1.3271215919607355	3.312827742147828	-0.2673959694187716	6.583454073685027	1.350807718573432	3.8784785207928154	1.4384127816307835	3.9532426185877148	0.968143395375416	4.010315621010685	1.4226917568184254	3.301216675098402	1.698608791220456	5.704736515187102	4.679150857476485	2.3031910650449627	2.3811318180179812	4.696294231254968	2.602240612063917	5.227902154462953
Adm	0.6367467724018238	2.4568993976509876	-0.32873060859694747	2.909172761528846	0.6293358573783133	2.7067673948508397	0.5466162110873803	3.1295178515581976	-0.26116076494951523	2.517039884255525	0.3310958395581007	2.7969171254965106	0.01154927147995725	3.3104457272660293	2.9815696206401547	1.1452573748238797	0.8217193953317509	2.9872236496217415	-0.3100059007369935	3.117044383497753
Adra1b	1.0714645699123766	3.885889403844902	1.117686721893012	3.563295333017299	0.41164268015458455	3.4423801492376493	0.4519653956794406	3.3063189506922637	0.5314457538869594	2.9685276761617643	0.6355011026944449	3.5393254656494753	0.6511268198098448	3.138601340551785	3.3765791869028927	0.20847648548230294	0.6130861899292457	3.2380969082057964	0.6875373733919727	2.7955281021563096
AI607873	2.039004588216967	5.810183444041632	3.566499993503777	6.814434434274261	1.8715234501081894	6.237800982117753	1.8821695073105504	6.6337458340902	2.353841464607696	5.998934743425386	2.64439680357091	6.186495819598628	3.777559435682195	7.0884725721923445	6.644027097119816	2.1090950061539773	2.720112642179105	6.548092454879188	3.2833408584478265	6.606838787197361
Aldh1a1	2.2711880524648356	3.377654472805541	1.7566406306584426	3.8300981990277476	1.1128588496506475	3.6376223555469664	1.2330691355791974	3.3558117657700697	1.6068640725217742	3.876995025137476	1.4078874926689113	3.614496377259688	1.1180363873016614	4.053559732928382	3.408223514112617	1.1098565323067324	0.9841588876866976	3.5751103309842898	1.3754715942565001	4.10802540472108
Aldh1a7	-3.65744354886026	0.04890626846958159	-5.377809849485888	0.8199909247093815	-2.135568749328284	0.4498625473143397	-3.7514032154813455	-0.39346930088617454	-1.3045033356725027	0.5862429153420723	-2.8988509005039407	-1.1654354646251741	-2.9257033969622	0.5053801634433792	0.37344286232162793	-3.677756031691276	-2.4368908790139505	0.7135876142473928	-1.9002310939401859	0.6804137589505987
Ampd3	5.386543555619625	7.408355225328609	5.4010208223979745	7.604582854097804	5.338898316663079	7.734300559969006	5.18364348815338	7.790753398290217	5.197059295959998	7.358152068377526	5.508089865908195	7.95018895510813	5.862866895603062	8.17410373374556	7.92965363189954	5.681544702901214	5.512007286856546	7.750613592193394	5.487590266037827	7.8728585213307785
Amy1	0.8111634117581237	2.6285101317493678	-2.304420469543381	5.526594085887692	-0.7440525698680676	4.1498596255040585	-0.9376919349243088	4.415128836660799	-2.2569330508150682	3.653319444635899	0.2286138492469142	3.055814644244339	-0.7273276248206473	5.464806801406553	4.533398433971033	0.22220469060114229	0.5995187384152164	5.004890911147392	-1.091334475867099	4.9371923732743355
Angpt4	2.879952628570268	5.537030378805827	0.6832605194869724	5.362659449403299	3.580233402896418	5.548943178984989	3.1826592687219617	5.909191624378579	2.170313421500224	4.687989528648527	2.9338232835047573	5.713658305921717	2.163329815791911	5.159886293997403	5.772699511942834	3.5194436335786774	3.7239028523009834	5.942727880174374	2.2018481813586055	4.797915861633929
Arl14epl	-0.2898885125801125	1.172791770269118	-0.02514973463984039	0.9875205379910927	0.05239597339511505	1.6167418711596269	-0.4787503570414026	1.4311644418604808	-0.2625700120053337	0.3752023755155577	0.06430527018186565	1.155263539389788	0.2831160542141445	-0.15256057399521578	0.9235393203259176	-5.25808446982124	-5.2414220529280895	0.977204788100753	-0.40578070810293526	0.9775116155056804
Arrdc2	2.1997722427065423	4.654455241177824	1.8577052883135032	4.799161952200419	1.9246964991194555	4.607267453274141	1.8009326539800417	4.5893887988930695	1.6812249208298378	4.281156980466366	2.2853268181764235	4.646936518698351	1.8472216515234707	4.946341630253768	5.122792547032319	2.4780437073933745	1.6893847453807405	4.859825885244298	1.9536142457260415	4.922234172705902
Aspn	0.9061351725550548	2.44313058433096	-1.2946486804885802	3.9291807122537756	2.2264752860417434	3.752155554918266	2.4728222403116855	4.235241246583934	1.9749074684246826	3.3370973381430296	1.255247254848752	3.5952022542202355	0.08672801674181702	4.2112681830778085	3.977699754910661	2.1362562630942064	2.859060061705724	4.5741128373659485	2.0913685067698498	3.4525903962802227
Atp1b1	4.669334002650102	6.787053049644715	4.990013100551201	7.145958195377154	4.085216687496011	7.452597184466352	4.270049691446167	7.60603979555277	4.983774975228338	7.066796753870012	4.5996563702516635	7.408388761441158	5.13231038613864	7.840490093725564	7.824597437660134	4.496258359101003	4.399244867884912	7.707887581659037	4.9554195381874475	7.71351819666385
Best1	-5.238135543315253	0.8290934825504687	-5.377809849485888	2.1981253924238295	-1.3987721354960094	1.2607110218253417	-1.6366482189280223	1.53835863582053	-1.1444094089725874	2.2345213704675095	-1.7620664599650033	0.10428937783952053	-5.271315690072758	2.15839689751561	1.1039521648092692	-1.5644348504941297	-0.9119413069633024	1.7725752607125034	-1.2727539798216456	1.7150253659848476
Bmp6	-1.3304342853300013	0.7399779852276391	-0.9902423254838769	1.2402065617145563	-1.0590618543590835	1.462026155492026	-1.4304110050054781	1.6413499100410016	-1.143673237648815	0.3814307494212168	-0.17531895150718096	0.8557133866819828	-1.183699995324074	2.105960687743453	1.6847151455831113	-0.8381393908025085	-0.20043707957857596	2.1024200745105897	-0.9685351677076767	1.124038871475755
Bmp8a	-1.7086084609133114	3.1494799827983986	-0.39883718800280865	3.592474034941475	-1.769434620077209	3.8584216905493043	-2.4572608616455347	4.0192173811500504	-1.4069960408449127	3.4976497217144704	-0.8436219410173335	3.770218692415602	-0.9556197472005076	3.36574660880094	3.8838684818311555	-2.384704632228846	-1.259438128015532	3.8178525808595336	-1.581832093737217	3.1131539948079787
C1qtnf5	-0.9849854094358281	0.4890814778181859	-1.9028767472776305	2.2773728890171827	-2.206467572447681	1.609188062192887	-0.9937706410154973	2.373416495581209	-0.9074338612607009	2.3002926519539755	-0.9178896267021867	1.3502816294410063	-0.9369091232619532	2.746715827770184	2.2318093458854116	-0.26589060944290616	-0.33895118541911634	2.5734804241301705	0.25642988063761557	2.5107276418552806
C3	-1.3247716843886173	0.1706436755008212	-1.9501568669327307	2.564402728320943	-3.3828623470491226	0.3538939786863665	-3.4117573984047054	1.5113643156912973	-1.4675525845056165	0.3059259745997918	-1.3048462339134466	1.39702412225861	-1.6615834933636984	1.973924195308381	0.8584579472358365	-0.031403199635789185	-3.3187554936850963	0.32014109557867815	-0.12346150764611415	1.426545843552731
Camp	-2.9258898709299506	-0.8401025241049351	-3.796509103658776	0.2261317686976376	-3.7149903941385234	0.014703804799664502	-3.7490703674306576	-0.05677363050193029	-3.070999743352265	0.1292149946166596	-1.5283119338690723	0.23903800335031358	-2.109127739987442	-0.014932396702231156	0.1817385274380342	-5.25808446982124	-5.2414220529280895	0.6662514015470937	-3.032767584108968	0.17966153529665743
Card14	-2.433685753041015	-0.9575769034793234	-2.9963864650276677	0.683181949612263	-0.502350735166559	-0.0569644873387134	-1.5349623705761835	0.07199357128325662	-1.653626967980633	0.6570365475493429	-5.217899309755417	-0.7726988710206468	-1.2475194793446256	0.6925896156627764	0.6987075878265682	-1.2249160072193903	-0.9271751594530044	0.25324242169169947	-2.058887736950291	1.406271219705189
Ccdc3	2.94102270298428	5.130290051301147	2.9163560149444194	5.9196358250254715	2.8689559329412484	5.636355876969605	2.924953573680273	5.691678544672826	3.2628000203556184	5.27253321631135	3.114842184432739	5.579269327879524	3.3766155434093323	6.285362381141117	5.640221318922933	3.1650957659407473	2.879299429636579	5.572419886668843	3.272317186989778	5.6787365893613595
Cd36	-2.4177335969677163	-2.5112989241997017	-0.4027457844503388	3.335086055867862	-1.418238500145929	2.0219130641271374	-5.335441072259133	1.381878346317856	0.6630893127865238	2.1057274665897605	-2.302161475957718	1.5223347771892455	1.099104121659348	2.8373216762641142	2.3797248010236745	0.14295035809722076	-0.508509413131873	2.2524963528432167	-2.70992756544603	3.354143478798794
Cd53	1.9933644352551987	-0.28188546693194	2.7097611471643246	-0.2480278249326391	2.303262867440958	0.007992647314217425	2.5400004569440267	-0.8642849309370826	2.7422164386048364	0.3759605348751673	2.1440763471546713	-0.043441095350570384	3.525086036844689	0.1325985078363452	-0.35129154190320905	2.4835022349018816	2.4765192254011	-0.41691013990653963	2.9934937600234504	0.4224444261127451
Ceacam10	-2.4390232471230497	2.4372422567335335	-5.377809849485888	2.3480644246845714	-5.309929281761597	2.608340766420023	-5.335441072259133	2.122101643059747	-5.390462556877854	2.3596791449241796	-5.217899309755417	1.899890050829873	-5.271315690072758	2.4530547222723875	2.2591665674483896	-3.676657357231054	-5.2414220529280895	1.939388684395233	-5.354753170082542	1.709368731960099
Cebpa	4.694199727047202	6.887334236967224	4.23368151127618	7.09841890735536	4.4998453825204505	7.043464651897469	4.762226776315041	7.134798613318972	4.651174286664414	6.92600185700644	4.980292512916287	6.906722862422241	4.869929030298473	7.108703148185451	7.08924452250376	4.752844059099876	4.918823795200514	7.076172345781292	4.762171581086755	7.160139056943086
Cfh	5.6547888134133055	7.746480720983799	4.916344480100417	9.539359102955384	6.277299974424821	8.9188020077656	6.475771213716257	8.993341939788563	5.686257173402757	8.20217253268098	6.144480328748762	8.644818820102136	6.212873629603819	9.474097115111215	9.115887735862747	6.427267165153561	6.88220346661774	9.147478317332	6.562009481917683	8.601342361718338
Ch25h	2.3162403065506525	-1.5346758402951282	1.5826981462655318	-2.032191975956001	2.622257098874235	-1.1889766956613887	2.8587292618973055	-0.21398705286459394	2.328597789293238	-1.2088936083527004	2.1601155106425973	-1.0050151361025743	2.552621387568071	-0.47007869361579663	-1.2187498066114721	2.959820207831053	3.0270618094347257	-0.7785425284994439	2.931170712829337	-0.7257981561927479
Cilp	-2.0697386013177237	-0.8416575141651239	-2.5719213894310533	2.1401369189486346	-2.4973994485778555	0.8320495687443433	-2.164484699313542	1.0079561371426529	-2.5812923573116695	1.5683995424475448	-2.046486886432786	-0.605827122995643	-5.271315690072758	1.4274624353017202	1.2296273777083955	-2.939714812633573	-1.5412596234160738	1.6658450114462273	-1.8983431868058462	1.9622335235190373
Clca1	-0.6598786202288911	3.321722554413337	0.08061565971535427	4.067027180442537	-0.5125236184975623	3.930987201964601	0.11711523139702408	4.341555523363	-0.006970191007890905	3.6603607761353567	-0.5659750952283947	3.8921260582178867	-0.053905639460775145	4.439115455893505	4.365567759561851	-0.4491016996373138	-0.9946105084424015	4.505559172607713	-0.10098160750179551	3.5862705096329153
Clcnkb	-3.6590259648094534	-0.9911210822140887	-1.2797655122133953	0.10415580227084455	-1.2241550363604425	0.709559269317248	-0.38631610711683595	0.6278879006692574	-4.392578169857095	0.6781877720924834	-2.0979196088593275	0.2854853613974363	-2.1487377574351627	0.6087705171403511	0.2651357805625608	-4.263033920207322	-2.0993413088011206	1.1520854170262775	-1.9277268124281353	-0.22092720396984347
Cldn1	-2.072966111757237	-0.8445454640008077	-1.6819911321839722	1.4266755063188392	-1.219297585710233	0.11895423091429663	-2.52971601224907	0.6769645027772592	-1.4847467471707554	0.318534078412831	-2.0498508184477133	0.6298237219495302	-2.4630867844530306	-0.015573671669630494	0.6731809739861887	-1.3581963722572588	-2.4370539055221956	-0.5293216808376516	-0.7169118459771795	-0.12153535130189402
Clec3b	-3.659683516178273	-1.7742746138192171	-3.7964436190642994	0.9486661674442046	-2.9793571119844544	-0.5189665868095228	-5.335441072259133	0.023482008742986393	-3.070540805187159	-0.5418158928300795	-1.5252410304740114	-0.4979761093882106	-2.468549436411873	0.9251187426335404	0.5248010533615268	-2.0924641825499632	-2.9214352648666955	1.4602006464022506	-3.034600514087344	0.10940949112625793
Cnga2	-2.9968162138165177	1.110883046072169	-5.377809849485888	2.3238913817526723	-5.309929281761597	2.5380780156947536	-5.335441072259133	3.2816789434681746	-5.390462556877854	1.3768090064068934	-3.6977103733394494	2.706391277239474	-5.271315690072758	2.5657311986829456	3.09587521752837	-5.25808446982124	-5.2414220529280895	3.3119438751234487	-5.354753170082542	2.858975556577518
Cntnap4	2.5149716999722727	1.8460331194442594	2.746255553989294	0.8704458469441492	2.193580471363701	-0.19686327708721973	2.3823427951572254	-1.5013696968555088	1.3665022477696722	-0.4976799050780628	1.395704679178915	0.1745518510357418	0.5686663536424189	-0.40616090034833086	-1.064525803696217	0.93061469547431	1.6230261475929397	-0.5530282381227328	3.589917988288449	-1.2216773747738199
Cntnap5a	-1.1537206886030587	0.18913050328468486	-0.6276088012322808	0.5264637773285199	-1.6081179315547323	0.006015646073545474	-3.7521543117898988	-0.2072142367203346	-1.4831449688432816	0.37980286555087106	-2.8960800621085157	-0.043319928186734705	-0.5131307327983953	0.26736420603609723	0.1888470070395463	-3.678442638325912	-2.072353215819486	-0.5296202478007757	-2.553623893303758	-0.2070681003049941
Col11a1	0.06485399763221443	5.146651754382281	-0.6408969355086394	5.326599672896658	1.4532547820098323	5.541675292952857	1.7297807388625148	5.794192412219932	0.6981091553592542	4.725735722938635	0.9020912397696276	5.233748607503399	0.8517563771922211	5.5502173985341985	5.795141336094518	1.1752589998080094	1.6763955780915907	5.992719027731765	0.845911105436772	4.870734013178119
Cp	5.644916707682746	7.615543739061958	5.224928392297576	8.542834927248993	5.9145077936239066	8.093815804912008	6.279807582972237	8.199210309451246	5.961910788250109	7.911051717960537	6.385885738260564	8.381045076978374	6.866665706817694	8.669026426542189	8.40239565851238	6.298936269709676	6.8432267537577225	8.313995171124468	6.58217563505181	8.428411032673264
Crabp1	0.5831084594836384	-1.5324793575962596	-1.4763187991881157	-2.3937604923551428	1.1464694036005965	-1.571747821914319	0.8947997144846294	-1.3580956060198597	-0.3492272479114858	-1.3900648505668531	0.7483017931287249	-2.083215578111374	-1.372075231064023	-2.417886191370898	-1.2221435523063815	0.9278201517481689	1.1657801054746262	-2.3595862946219115	0.07072353330046248	-3.661829435565954
Crispld2	-0.37062964062413467	4.99890269219603	-0.41462186299513953	4.635145833378348	-0.4872748153679927	4.995366163683118	-1.3345998216174633	5.322202440186564	-0.7645646044220615	3.9894205428247234	-0.2438227994072724	5.763057726668452	-1.241107524901041	5.116511377239011	5.749191289585642	-0.44497267504946825	-1.072919655477856	5.454515777336195	-1.6030009698546444	4.595802912127948
Ctla2a	1.2301103969139553	5.47539046973386	-0.6068153847416431	7.516102389887293	0.8053304238136917	6.5188929444106725	0.8475246651516176	6.561499374842223	0.5017872351360122	5.9764232539976385	0.22511619470143646	5.941838076528515	0.7822328387317465	7.620342857546662	6.609081992186004	0.5179274043368459	0.3039886552080984	6.9931504752615625	0.9134466968132714	6.752630054421018
Ctla2b	-2.2514190815997965	1.6136023791726177	-1.1955017894857711	2.997116175975381	-2.1748863229175517	1.993550320198605	-2.153441120107565	2.2919920282891106	-2.0203367047836833	1.871481447980429	-5.217899309755417	1.9062720215977138	-5.271315690072758	2.9320918154334836	2.3320091088093227	-1.8149375878746938	-1.6172975461391437	2.7508975270334384	-1.5162764569857805	2.295188519344465
Cyp2b10	-5.238135543315253	-2.016109758195122	-5.377809849485888	1.892317957778378	-3.6839411699709914	0.19009867653860743	-5.335441072259133	-0.5592022533887456	-5.390462556877854	-0.7961244429880516	-2.3664418671046765	-1.028184598999999	-5.271315690072758	1.518982730419437	-0.19974381645571168	-5.25808446982124	-3.6749093239227966	0.16142542647639357	-5.354753170082542	1.100622226515982
Dlk2	2.4902466729466988	5.34116552205542	2.391879107335627	4.094474167740131	1.413369375324752	4.488942137612176	1.6925404095857528	4.311180012340257	1.671596306414188	4.396474477537325	2.0261986838395853	4.7302285410017655	1.7687970196837692	3.8667695805644318	4.518339947721749	2.017335858753809	1.5457225874426144	4.4230160551470314	1.703405181214665	4.7472660506780855
Dock10	-5.238135543315253	-5.226750201040162	-5.377809849485888	1.6957705065416715	-1.6113287364795468	2.032527785233946	-5.335441072259133	-0.08317930040005123	-5.390462556877854	1.4695282574232302	-5.217899309755417	2.466251705422123	0.326552245368859	1.9488395510417302	2.201578328603028	-5.25808446982124	-5.2414220529280895	1.6017854996165697	-5.354753170082542	1.6642686626624068
Dpep1	-2.3161366586849432	3.5525387793268286	-5.377809849485888	4.564396107774173	-3.2057386993921355	4.5864158134444235	-5.335441072259133	4.729689048950533	-3.2874072094825664	4.260346177132837	-2.481016939746001	4.06352126605598	-3.3301201137197594	5.063748825764978	4.955409489083734	-2.5286593796817582	-2.5099699418814123	5.128738535016034	-3.421861390129464	4.92620454073984
Dpyd	-0.5236477389963127	0.9587647658677118	-1.058171920890155	3.0433584175249395	-0.7321072207925134	2.7336454582677234	-0.04966203199371786	3.1559608010674407	-0.8119935321069344	2.612637977282314	-0.5027489592507861	3.0649134382859944	0.26530929833388095	3.5037663260346354	3.0332717202787887	0.21900809876163016	0.35747069876971505	2.858076703095255	0.7773888178194159	3.5631623578166907
Dusp27	-1.726076921826617	3.8663854916033618	3.1295714370295373	3.958191176126234	2.685381609732956	3.2854916679057062	-5.328441957432702	3.948041813470808	3.644477031860735	4.751662988601574	1.1111197643290849	2.771168075772757	0.04626670781563988	1.7961239222856555	3.111249983883704	1.5213894377852435	-0.9163503676419416	3.881046229329961	3.7550486040894246	3.7462342203742054
Egr3	0.8579085827118533	-5.226750201040162	1.3886008769256493	-1.520289883811708	1.3711379621879927	-5.280354135664134	0.7570467977300388	-0.31834867924603577	1.1367388357036035	-1.3616914525639756	1.8414772511520983	-0.06426303890322352	1.7540434987574895	-5.228816918191468	0.08194714113709584	-0.36669314890645194	1.61760955654383	-0.21410938528294862	2.079018733832689	-0.4942691892703006
Ehd3	5.342200262003576	8.9532412724586	4.759992058277946	9.257192585447621	5.677259549780792	9.356511026720211	5.559966748084425	9.412363226424528	5.227144310230452	8.888126622913207	5.462184680401625	9.265618704570171	5.3334535388889295	9.432037295341257	9.422502059470862	5.539744535145366	5.826233828565396	9.407991284689796	5.457150548748779	9.0032630186873
Enpp2	1.9008577739550456	3.0669174281785603	1.836446947072229	5.921532152478275	1.3210084777919893	4.410241715215817	2.347870686450518	4.618601279914361	2.4551813726604372	4.000455810037609	2.266746320380275	4.210179069440994	3.6055579767542043	5.919709433517025	4.974895003887943	2.26148659036125	2.7163876964788765	4.817660179819843	3.227079830498484	5.2941553844267615
Entpd2	-3.1911751178151992	-1.2403826645144815	-1.9988057697053248	2.165837202565543	-2.958130003521249	-0.007124726515858917	-3.286921206497476	1.114388420561667	-5.390462556877854	0.5136493423529713	-3.6147239633271284	-0.38116291818199355	-5.271315690072758	2.0965837770291635	1.1250767442856888	-0.8421329286100093	-1.7829462937848959	1.7294433924758426	-2.5246527056301713	1.857988735957649
F2rl2	1.4702798160924284	-1.451716458263121	0.8619387360641302	-1.9958363617951507	1.660030860242301	-2.058180363682297	1.028547705428563	-0.6687052204119343	0.9119124051037623	-1.836364532358817	0.9063412587186909	-1.2786163168567217	0.7950272140695596	-2.4161216512323156	-2.098413027224339	1.3771229456244418	1.1470999988401518	-1.4076099843780088	0.9432906374547182	-2.0418005182949317
F7	-3.6576531476905902	1.609045369457083	-2.2124821202382647	3.5290875959283627	-1.60438118316859	2.887294470179222	-3.0144701165633054	3.1657390295673693	-3.0698795138689023	2.628282093065406	-2.899214056384394	2.0958512662074242	-1.1847368458486014	3.553200852530386	2.899181567766855	-2.456521538377858	-1.543952847834809	3.565760847550225	-2.189362356998578	2.88424879855794
Fabp4	-2.9248212875374078	2.7017114550078527	-1.2956789722273223	2.621537971062076	-3.7169884145965204	2.5758924578285156	-1.4277223029030948	2.5957499012993757	-1.486310421465017	2.5263046053718012	-1.5264782886430603	2.520579637563471	-2.1073471130003023	3.178496343410753	3.043043441532895	-2.939797372623388	-3.6580789727891307	2.888872161357976	-2.5970991701571298	2.292013184907344
Fam107a	-0.9471150262572171	0.8375501167428806	-0.3661161822518336	2.4312607279302387	-1.04773204917354	2.2292617179592717	-1.3166709175707525	2.941422876055213	-1.094902436360968	1.3895081229731667	-1.5162831854193937	2.3114667587100977	-1.4310122874602536	3.246703406252955	3.140067434498712	-0.0605328317071776	-0.28472777128789095	2.8330427846671853	-1.4241976975377637	2.6569988852845228
Fam180a	0.48266168016523864	2.6280195113795766	1.0599533093372313	4.392267075580615	-0.2593448167829931	3.7088708459176374	-0.8127615095185603	4.002410974546867	0.2801447711179003	3.513929941404758	1.152385359955066	3.25885082965802	1.9461598812199412	4.587328571963161	3.8615288728507076	0.6662959753979012	1.059287503379381	4.399907076504185	0.9805053408899951	4.096623887956146
Fam46b	4.505629055285327	6.398359715148281	3.707210163211314	6.038962577941426	3.881976152713582	6.194865040902595	3.9507606094824634	6.148358158625332	3.9456688456547773	6.100692561664571	4.256675449368385	6.152826192229913	3.5456066765716123	6.033082756824472	6.210371577199147	4.272053926133316	3.758060640536861	6.193954310412262	3.708409675781837	6.163614729606567
Fkbp5	6.121772774471906	9.203609440651721	6.17993288522388	9.445518170621146	6.12390844560246	9.464235439508787	6.176802321660437	9.453275743632549	6.056976489890367	9.078018926880182	6.074549253625008	9.41838239356949	6.032935916659113	9.506804958106587	9.50693163438256	6.088780745504823	6.154262029428393	9.403282457833699	6.012914279974826	9.187876268784139
Flrt1	-3.569863001001813	-0.9893236046254176	-2.5700452789665094	-0.6794090324540849	-1.220439172481254	-1.0322266188823965	-2.167558201348613	0.1738946425574901	-3.8061783867455636	-0.08654599983792778	-3.633620896847961	0.1053245391280347	-3.6849379677576994	0.20121717120939603	0.3113141136085586	-2.9424875958733705	-0.38694800424871584	0.3177900781602163	-0.5568546990239743	1.3185114159653553
Fmo1	0.17085866106139344	2.652004690565166	0.51717161367643	3.6384321383550207	1.6300684968873618	2.964649166990884	1.9472243437203687	3.56651674702516	1.8171063786448394	4.0469366442941626	1.3257960035149474	2.6789286582495913	1.2528259431530269	4.033766816148004	3.532606125261938	1.7618906964425656	2.0414881165251746	3.830284120235607	2.1590581235769126	4.213236440474514
Fmod	-3.182504412563911	0.5742214020215534	-2.5066995036417103	-1.1284296386244606	-3.247530808401823	0.04188475408236603	-2.179588924338927	1.0941659669205994	-2.867024661026766	-0.8630941621449252	-3.849329420937559	-0.06415134215030088	-5.271315690072758	-0.48662749217644263	0.15586985194598246	-2.3890854024420825	-1.4335651639589753	1.3029062336269224	-1.5418003294769265	-0.21992731515047848
Fn3k	-2.5705640905486287	0.1118279840306858	-1.8570338321796525	0.49612370263319017	-2.3584778434679006	-0.8227555286438318	-1.6492466994628696	0.39235432828214273	-3.6299527539934204	-1.4029124577552774	-3.738785257654455	-0.2942025322139563	-0.8395748361878913	1.4191495773288976	0.10658170596132767	-1.115560493509122	-0.34736457124914527	0.011900891882945693	-2.995460374789265	1.015967356395373
Foxn1	0.7789470416256132	-1.7769587643698017	1.611354120693972	-2.8810535487135214	0.24798283510475225	-1.8198881359656474	0.39062285269576147	-1.7943558169235947	0.6306618658394096	-1.836283541332736	0.5691463602229887	-1.3459507169810183	0.7957556460529576	-2.9037712516914422	-2.1315894969198994	0.5159179810147309	-0.2905936585916486	-2.364694024406991	-0.6058846475556292	-2.9279804151225726
Foxred2	4.245406091041735	7.0430057698704305	4.364974988197015	7.144529253281192	4.243067719342748	7.229757839277919	4.53197839590147	7.395023747236443	4.503112345010189	7.075993483941855	4.684435421468846	7.426283266466778	5.033669797628911	7.188681476218593	7.405522807306274	4.539301382504203	4.908453886512739	7.404649393677083	5.078559202452682	7.378074315676152
Gas6	0.5890152865778131	3.799123576434009	0.45009888918684293	4.135110145488627	0.8839785008178221	4.25077847273381	1.2628400709806604	4.656701893028623	1.4536281150474684	4.165089769812783	1.4658249553866458	4.2529742341948396	2.2446995420367166	4.449284873805588	4.558047981923608	1.4212516635299293	1.059008579772336	4.880775253846367	2.0572812015044715	4.4057365545821625
Gdpd2	-0.9416195317228807	1.357756375013227	-5.377809849485888	4.534335102667576	-3.577872178693294	3.555146115833863	-4.14785621697673	3.4200115524285724	-2.9013309135464964	2.2982671446230962	-3.49476632517903	2.995109484241759	-1.814240869265204	4.145695661112763	3.805593518101591	-2.275932754065677	-2.753113149777551	4.129584619077363	-2.1879832676229403	3.4379730596485043
Gltscr1	3.102658137749253	1.8195756133150278	3.0016317592637987	2.328536391513049	2.3502098290124196	3.4711916470542312	3.45619195902439	3.3806756705735563	3.0702871035156765	-5.289669714685105	4.17179655122721	3.490887915605923	3.0103891977736907	-5.228816918191468	-5.301772249029228	1.049364220820481	2.7119614266419667	-5.162774541963343	3.250322695818271	1.153328885338633
Glul	6.306131962476938	8.68345453446664	6.138250224611611	9.47747321564643	6.027798722175076	9.261092593218477	6.273234057617512	9.356645899594605	6.371595803718979	9.005479645679703	6.150742979058729	9.033800944248188	6.08415157127815	9.600823488723796	9.285629159928932	6.198177556578562	6.347796530487889	9.354140608775584	6.292230798848028	9.230158422328572
Gm2016	-0.9448584625856371	0.5727939649803179	-3.073101097838509	1.3768044028895552	-0.5264312871425093	0.8759685298940242	-0.47151487275847576	0.6691076615192676	-2.7085166813564694	0.27115463308874005	-1.2282237979635773	0.31080894819054905	-5.271315690072758	1.9760185808897386	0.09391622855489837	-0.33566471876519555	-5.2414220529280895	0.8646987341791806	-1.5455574875418558	0.5798870228010198
Gm5300	-3.6598528498598957	-0.37653236370543375	-5.377809849485888	0.9070878699150607	-5.309929281761597	1.1352786649927913	-5.335441072259133	1.213502563706926	-5.390462556877854	0.535726302683617	-5.217899309755417	0.47473538997996045	-5.271315690072758	1.2507808236496964	0.62238371960917	-2.940337620951347	-2.9217149700768608	1.0202868426130998	-5.354753170082542	0.9011940973999026
Gm7325	-1.0241790694046988	0.0932401420981047	-5.377809849485888	3.8308399830054576	-1.5344480495192308	1.1187656578351572	0.13379488927499317	1.5247602549327188	-0.359932800372363	1.7711665294602055	-2.2660524675484917	0.0060544321234435984	-1.7014396531880076	2.721137951971527	1.5088619515131008	0.207802116502752	1.1002475713812225	2.3423599484973097	-0.3627316005908307	2.3947773875499827
Gpr1	-2.9213055600996896	-5.226750201040162	-5.377809849485888	1.1729519114146412	-5.309929281761597	-0.8853732335988634	-5.335441072259133	0.10174431412459145	-5.390462556877854	-0.7724732494234571	-5.217899309755417	-1.0047577825524563	-5.271315690072758	0.9250246142572794	0.6257276394487041	-5.25808446982124	-2.436664925990577	0.3825199392386036	-5.354753170082542	0.7272885067000258
Gpr133	-1.3738674160865245	-0.12849310028649946	-3.0925177852469203	2.1742063809366856	-0.896611899922205	1.1836737087797446	-0.17187041701558647	1.854982692384474	-0.7869634030353172	1.7148372393593172	-0.7097658521777348	1.4296690604115931	0.5763259858659561	1.873862337761616	1.7937901971078734	0.24870381425021593	-0.16718752281730873	2.1133480510373674	0.21313727703063337	2.0566806862252185
Gpr39	5.720378041009933	3.753002718613809	5.821721687012711	2.823958310137884	5.4227266183144955	2.978463372809128	5.162625587948493	3.073358226031084	5.076345933548834	2.8871270247435294	5.570085122874552	3.759794352203306	5.858824466846422	2.818584956514226	3.3051624165801745	5.418459950995778	5.231527204718673	2.949261817757807	5.165014708221862	2.8352662136454883
Gpx3	2.312200871719631	5.409739542014821	1.9957594408833865	6.606940253938805	2.5959728068151353	5.783971706014119	2.18389344167301	5.933955240327143	2.8118107240997774	5.369035692639374	2.60915827087135	5.529647909390704	2.7303700150227836	6.700848627084347	6.086887775137554	2.231365357642236	2.6857785495228508	6.351161577012089	2.9869995115799957	6.23201800938579
Grap	-0.12090752431243183	1.9831560716817187	-0.5030431964174992	2.0170529591538675	-0.7975017905703671	1.6886328590191744	-0.8128277016048429	1.708730008724698	-1.3046995831899453	0.758393252161811	0.4499891776128286	1.9069734152458766	0.2817890330565268	1.2828999368847314	2.128876863128263	-0.22003214964519643	-0.11518991224770832	1.7706038614572974	-2.1890619065884374	0.7273841158542769
Gsn	6.4452473206270575	8.104969863457374	5.600740406869264	9.199075751715181	6.963092488217805	8.82205709032453	6.999109078084792	9.051407530906518	6.466476420637286	8.340303633491263	7.014192544435825	8.648553776260261	6.3454591663236934	9.498389059442811	8.949405440795536	6.899767757202886	7.304590455878566	9.157115714546007	6.656916772289971	8.813204949316068
Hif3a	-1.7231014043864048	2.4781245713806004	-3.3055854704761773	3.4724836441501785	-3.1421859131434218	3.320682670883997	-5.335441072259133	4.015917588091157	-3.225076457303866	2.3838090123656586	-5.217899309755417	3.6894922127793124	-1.9882588647678694	3.7303496982494093	4.296443011155391	-1.746205959389215	-3.168433220296068	3.7334915716966846	-5.354753170082542	3.8230942030282575
Hp	-1.786360237143277	3.042870608102639	-5.377809849485888	5.147699638390362	-5.309929281761597	3.583398789534007	-2.528833858799526	4.17996386506488	-5.390462556877854	3.118640766236873	-5.217899309755417	3.822380180724946	-5.271315690072758	4.825494307349058	4.198332044870859	-5.25808446982124	-2.942562709045151	4.384607513074915	-3.036297909048339	4.123713953996554
Hsd11b1	-0.955904932631234	-0.05621168391683218	-5.377809849485888	3.4484101556379656	-2.521881372876516	1.2827288423411856	-1.9042439065103882	0.8801111433933771	-2.2498079443757533	0.4938888812962687	-5.217899309755417	0.6957564662593918	-2.3909503014734432	2.3541770928921917	0.9436099246090085	-3.1914097583229095	-1.8381268520588399	2.2121954812419165	-1.1999150032424546	1.091643188901026
Hsf2bp	-1.5355038102435026	0.1312224322135076	-2.651221334701881	0.4942972566989919	-2.128000294047651	0.6758470470211303	-1.624626603515363	-0.034248951767535105	-0.6317164795641915	-0.10954985321492203	-1.6809187952448903	0.1685267486251346	-3.278976810998361	0.6993714750379615	0.22668237841454636	-2.0631883392436086	-2.790656106151134	0.6264468417081033	-1.2912878176632017	0.4516030820178775
Hspb7	-0.19922669052763978	4.612075302831159	0.10910876255599636	4.373160448181948	-0.9139465281788892	4.431710788315207	-0.9154978730376604	4.642451842917572	-0.8090547296640647	4.17444519854	-1.0728945971258137	4.084681528044503	0.22110924028375042	4.252477664139899	4.474148636010445	0.04687574590253878	-0.8513651433080555	4.761836313491902	-0.15114111451817228	4.322938292388365
Htr7	0.4110166848553789	-1.3445255041790485	-0.2856581971464595	-3.7469997817855156	-0.07298656681868508	-1.7499236440483041	-0.20418771462220642	-1.2198136701543891	-0.37423111823845234	-2.6648267410562982	0.15872368125767009	-1.5520673354895225	1.2122857973697825	-1.1014827482809062	-1.2800332620525343	-0.4493299946699398	0.49676818407645296	-2.9967086580965043	-0.015567122954449664	-3.083743086641629
Igfbp4	4.885373747591165	7.309300787102721	4.797311773248229	7.5319078071772845	4.846109649007984	7.494016920888453	5.12647025890161	7.4791396555237935	4.3539642992586876	6.133697509609427	5.727166764411374	7.546182799256615	5.911063471264471	7.51625618978649	7.867848525507076	5.424329617077313	5.2855251137242565	7.520633296939587	4.645379249957411	6.700324443101853
Igsf5	3.321219188397002	0.39267720169475756	1.8554545655285215	-0.998468053664625	2.8922017642494273	-1.502809119894671	2.073505026533445	0.09294739053777613	2.6814395335833114	-1.6336233031433078	2.621732593045792	-1.0124929655872426	0.7817865265862959	-2.4254756020545183	-2.022136012251268	2.456148682594284	1.3889895872263565	-1.450972143129734	1.114594341367408	-0.59335914189864
Il1rl1	2.6347784695362573	0.19508191064423874	2.698214446727438	0.5869967264672501	3.0288563847687584	-1.7484933792755342	2.2912580782169836	-0.12370885083872546	2.340915138557217	1.057923197384184	2.5500866082470153	-0.2792466928008956	2.529391445196755	-0.4325404202365992	-0.5350042740185734	2.0883041295874625	2.557527986386979	0.6291276947903445	2.8894568648607906	-0.43160484176977837
Il1rn	3.9164672004514385	4.636886525293498	3.321541042538546	5.5704993620180865	2.996095899097469	5.3803818502996785	2.9093265269181017	5.616864987804395	3.585642896057635	5.3231726445930345	2.655899119904984	5.501710028425435	3.5997956827432707	5.545006816225784	5.459870163392761	3.2232576503862886	3.2925911691031815	5.146894664992583	3.741947431658147	5.1435550108037065
Inpp5j	-0.7264940526595749	2.2658005094075135	0.37692403970860655	2.660232978516223	-0.5853383394393731	2.399907365586672	0.6566822729866874	2.6967750713328074	1.1874943354217418	2.966162705342661	0.06964950825572912	1.9737551950025705	0.42045744512148425	2.662178708624012	2.0881117873977284	0.8129076069325744	0.23816195155647749	2.684974328884533	0.9775618349462253	2.6119856559477244
Itga10	1.760087318292475	3.331304531769963	1.6359708488284463	4.864911264997061	2.359712631906452	4.364258388297179	2.686296026692898	4.822476441426777	2.503972069329523	4.271624358178481	1.9961826013125152	4.262099785887143	3.152556205128455	5.200105630276513	4.676972819418017	2.5656670223071534	3.2335400416379123	4.727693973355293	3.1416728136085807	5.013897895296148
Itih2	1.1711181345548332	3.3893812111400026	0.6975364202465218	3.3574975624031307	1.2945293973138072	3.508604421617349	1.3208521313288646	2.851945162839839	1.2941334439972958	2.974345130539319	1.4929787866786948	3.5022264138751154	-0.08885625607634114	3.3426839350757125	3.278239429717247	0.7287364723258442	0.9936659556580352	3.554633745357883	0.677018920502046	2.501671673159282
Itln1	-3.749525241169284	0.18463265058540557	-2.374079638685514	0.15541975003884026	-5.309929281761597	-0.07650477438431476	-3.8410669955904404	0.7121331164515464	-5.390462556877854	-0.22146476605599485	-3.0110266357065356	1.897492590786379	-1.2399400503602962	0.4306470952991054	1.2141541759372785	-2.2150835774153412	-2.2313354296973023	0.5272281602193458	-5.354753170082542	0.1707464996672703
Kcnj15	-0.14567273845762294	1.421525031529017	0.0647024870960818	3.1878085054836265	-0.7253393146303063	3.0137696594223713	-0.5111511395890062	2.7788608767885132	-1.252155593842568	1.9028541461304613	0.3128091422689945	2.9410269815142365	-0.5159582939943684	2.8586350624229215	2.5964951778709504	-0.03336310707295272	-1.1049971179112488	1.830279806700553	-0.9713859989168212	2.4434813154558586
Klhl6	-5.238135543315253	1.7442719312466546	-3.9135915759692224	1.2775884380908116	-1.2416568626039262	1.1727655786284101	-5.335441072259133	1.151423172299949	-5.390462556877854	0.5039706562575955	-5.217899309755417	1.6177633927246127	-5.271315690072758	1.1581400693854722	1.0871310077965302	-5.25808446982124	-5.2414220529280895	0.43198790982048907	-5.354753170082542	0.18808094689254076
Klk10	2.5548411267760045	1.584477579454768	2.6667328581685315	-0.8096323236558705	1.2366295285307876	0.3384867497335489	1.378243655750202	-0.12919621981148316	2.4716690808222324	0.06094505197100983	2.243944919371032	-0.04348491335626327	2.513904953257021	-0.4700764602363614	-0.44839257299653024	1.7016604647891256	1.6011154234896754	-1.2637636118110456	2.1880981893651423	0.7278430164199091
Klk1b22	-1.7888825281505987	1.3054350507048784	-0.9909356667452917	2.6000874084545775	-0.6539464280632878	0.877364838144654	-3.0126273682400386	1.3353861892062406	-1.1454377166452152	0.8524880855689234	-2.0571881320316203	0.23874024398402854	-1.1907272359781704	2.711941150604673	1.13351232879319	-1.1746907073855848	-1.336719734249837	1.4611874080938443	-0.8324506064461816	1.4665715136046966
Klk1b27	-1.5477037454227018	1.3659654704756934	-3.7966272323348735	2.0564530187604846	-1.0505725552431637	0.911959042093244	-0.6906944824577269	1.6549678314036635	-2.5856419875882053	0.7689004434907809	-1.139723651567995	1.4051145945492438	-1.5771520965936687	2.1131219149033704	1.4590586026173193	-1.1965763616528982	-2.4361393854127913	2.011392737500867	-2.5487907281823627	1.161550689426565
Kng2	-2.1496783023464645	-0.7233538318246859	-2.1274742648497496	2.400089511193457	-5.309929281761597	-0.2578421494693877	-3.609158614192758	-0.25638430652964034	-3.3280394310955623	-0.15922018910931796	-3.652227970998467	0.1432433538973458	-3.546005968086316	2.1138149169989755	0.5890014582388235	-2.010979356433842	-1.668634246294293	0.3757286297207123	-1.7940934250533702	1.1233906273095597
Krt23	-2.921975345529274	0.3187991722702005	-3.7962438216061507	1.6436016806327525	-5.309929281761597	0.6539985452668957	-5.335441072259133	0.892428662445615	-5.390462556877854	0.8533251579573458	-5.217899309755417	0.3619493857402861	-5.271315690072758	1.9749580422294397	1.1699373616964424	-5.25808446982124	-5.2414220529280895	0.8946098117042672	-5.354753170082542	0.8164744585632302
Krt7	-0.052417689980063645	2.2711122496611136	-0.43008239383834185	0.9506022279995303	-0.33882430334563873	0.8253746491384271	-5.335441072259133	-0.31669531354400443	-1.4997719648203631	0.08410036288252	-1.7727333780703152	0.7793993558064445	-3.0196967933951258	9.338979638842582e-4	0.6725588202850712	-1.2122010735385338	-1.1858140419359429	0.38131312796039674	-1.9039585249673658	-0.25141907965498755
Lbp	1.7289817966566674	6.066040642870275	1.730316390076673	7.3804650004123085	1.655456182738809	6.95731588748669	2.548842373895035	6.964947776454198	2.314303157207477	6.378615797026819	1.903762206836957	6.712120094058862	2.99680985337937	7.753434152025262	7.398689834244394	1.6006788477198035	2.5379591907760806	7.441771716070996	2.8018973438402144	7.242446241341865
Lce1f	-0.606707543741798	1.4537863026387579	-1.6828286351761972	0.2915220945398115	-1.8365464507720857	0.8793641192249372	-2.1637361698205853	0.7984883457799258	-1.693333388677262	1.5478900778801576	-2.906189766548645	0.8553380500931499	-2.4723019441430867	-0.01526318790222779	1.0288702884823013	-1.801722444437457	-0.9953971106665593	0.8557978064119076	-2.5472999715834255	0.9821161046442363
Lcn2	-5.238135543315253	-0.25807317043467354	-3.7215136411950644	1.1778211577820326	-5.3098858938863644	0.9969336961261085	-5.335441072259133	0.5712660339509784	-5.390462556877854	0.20563408042150597	-1.881168416439532	0.8670135613947193	-5.271315690072758	0.8580397691821919	1.3892352660633378	-3.5409455343836105	-5.2414220529280895	0.8277590689364914	-3.550602733500374	1.4763629192020102
Ldhd	-2.8084156431694973	-0.6583027295477388	-3.2423030408674167	0.3584045619082513	-5.309929281761597	-0.46581882610087355	-3.193158241801704	0.22278579295778653	-2.442159505347802	0.6407511502962179	-2.074194623108989	0.5142569226732538	-2.275594135899033	-1.4083425389199817	0.49467342927708197	-2.623202412500727	-5.2414220529280895	0.16461232029163173	-2.036729536738749	-1.1875438820758157
Lmo2	-1.5048811337377557	0.34904612181722183	-2.2957708287080667	-0.4406650463573421	-3.2731266677683952	0.2624701450818083	-1.035326579482733	0.6502607070890069	-1.6086548155272782	0.5749706619754297	-2.14067358606607	0.7677077651246536	-0.40650320813243557	0.5050424122016675	0.6146326344124705	-1.256651629603918	-3.7504234826997114	0.6516014481437552	-2.0261328615115404	0.23402132865453512
Lmod1	2.773648112909321	5.3445894599003925	2.85085227384887	5.234985485205101	2.9550344383615266	5.1829061180289475	3.266127228988453	5.679754302200527	2.6472955055489495	5.101430236594003	2.7404390611090332	5.460587089321189	2.5693440916257106	5.235515593686641	5.150444929302311	2.977441492154639	3.3880350627157734	5.704924614452827	2.7524880666927	4.663246139301216
Lmod3	-0.6002264183252157	0.37806193213883915	-1.2951578245686233	3.371246604764139	-0.4474132063435727	1.7985693874951312	0.5457564574396692	1.75589039742896	0.16263944388947246	2.504466309192115	-0.577213201269342	0.7244206326613366	0.013908836726032447	2.979669227901415	1.7719230707282387	0.16129788459501926	1.1982360174623428	2.8101921119441506	0.5224306331622047	2.456887369809477
Lrrtm2	0.8463478044644177	-0.6200234839720901	0.6136874727913941	-2.9026877978886367	1.0739571190855124	-1.6065625378569592	0.3637268394325363	-1.0045155790541656	1.1366196123082855	-2.1489428973827183	0.01597137897049977	-2.9521024152810686	0.8951736784687747	-0.8327937887238478	-3.3226406402601327	0.6039817091490167	1.4559200004473989	-0.5567529014999533	1.3095314950300974	-5.245715604311968
Map7d2	-1.9291027227004123	0.763829441391348	-1.8579253932406874	1.540802741332306	-2.8491099051245627	1.1606312576493676	-3.8765567253835185	1.3506680932860926	-5.390462556877854	1.4086259292437635	-2.7684959059315086	0.8979023973542609	-3.810687315162492	1.204473293392194	1.3762708409198654	-2.8085568759904587	-2.5996438612685475	1.482189904572441	-2.7152596401445996	0.9350084395479403
Mchr1	-2.0739396620835397	-0.4817817670067265	-5.377809849485888	0.630257090438537	-1.8463762191002349	0.9883443779373304	-1.089095376191262	0.2990072270944936	-3.0699317498275356	-0.6525485100944225	-5.217899309755417	0.03232677072307583	-3.6866521337540474	0.7972053830958259	0.8034121738765081	-0.6211863415347137	-0.721239023566351	1.541311421399921	-1.6596161833158127	0.6320345614523469
Mctp2	2.4392347133240753	0.04748941601164974	2.5449351190729517	0.524987496925304	2.429380464949249	0.33457638807634027	2.1825990213758093	-0.4205240884678953	1.9829492412507685	-0.19027144979168448	2.811973647535401	0.8789104714895084	3.0219000560967095	-0.29156561093169	-0.9110405608579564	2.2593772772438716	2.594168904288577	-0.7077155596289463	2.616213872928877	-0.70623358455135
Mettl21e	-5.238135543315253	-3.7265540912556996	-5.377809849485888	1.748178720990886	-5.309929281761597	0.2713237335127347	-5.335441072259133	-0.19830558672197857	-5.390462556877854	0.5417973907129036	-5.217899309755417	0.06438248502198292	-5.271315690072758	1.6528341200105585	0.7463112927018862	-5.25808446982124	-5.2414220529280895	1.2001028508562739	-5.354753170082542	1.1084604310376152
Mfap5	0.2665447909800413	2.065006317536982	-0.40680365406544433	2.1452749078087705	-0.3241249618820003	2.0698652364728836	0.7532528135445082	2.1487396615025527	0.4688066072308325	2.0346817622819984	-0.23010507149673418	1.6652499511291416	-0.2625215532381563	2.326604636461264	2.0460357828879028	-0.8325255504524303	1.10096466765005	2.9399910217816987	0.47434561914069606	1.7207425670427077
Mmp8	-5.238135543315253	-1.3296951946158773	-5.377809849485888	0.7279461574112077	-3.722277349661301	0.14742325628227035	-3.0150207635809037	1.0846639493200552	-5.390462556877854	-0.438492655729107	-5.217899309755417	0.17312673347042956	-2.949503593371272	0.8832778484627858	1.4364987502594748	-2.9421286175775965	-5.2414220529280895	0.9765442071453728	-5.354753170082542	0.034614010762761285
Ms4a4d	-2.922287666861011	0.6947475275194778	-5.377809849485888	1.853196053591491	-2.9826524309248947	1.29305405882984	-2.166304511344316	1.8189620249602292	-5.390462556877854	1.0783282874930056	-1.7632465232406478	1.665856014667602	-0.8810470601770262	2.2096782090792706	2.024727554948348	-1.0162440288912287	-0.720879534064167	1.88362780527168	-0.8355296411593645	2.281559086650075
Mt1	8.063717525426952	10.11835690536991	7.802577481119113	10.282375456833513	7.385890350716356	10.037880083976368	7.712342675581602	10.292216365956214	7.611039647282051	10.177312032393985	7.841817754151797	9.948543628944016	8.03111139897953	10.540451696593482	10.444099903329775	7.853496512569027	7.663377166559521	10.6350418564842	7.411051948595812	10.795746245399233
Mt2	7.407130839140216	10.577134840085833	6.813601090583408	10.836642387955413	6.999419561379217	10.753284885233114	7.1351849003551076	10.529081003902927	6.884625623556319	10.682076615364117	6.913710244121803	10.632329059448107	6.811993695306105	11.03996834752591	10.730204146659878	7.395671241379072	6.8531343608141295	11.131073644425376	6.844238652397897	11.12327214648059
Mt4	-5.238135543315253	0.13468724220535044	-5.377809849485888	0.4204342017229135	-5.309929281761597	0.6290983562009199	-5.335441072259133	0.6874380940346742	-5.390462556877854	-0.543204894185795	-5.217899309755417	0.9380920618017705	-1.8364097870995097	1.1522915201592576	0.7015148082906107	-5.25808446982124	-5.2414220529280895	0.7777309373735252	-5.354753170082542	0.11898664757179588
Mtus2	-2.3676630996900068	-0.48724793461974436	-5.377809849485888	-1.5039862440823235	-5.309929281761597	0.30234697036994385	-2.4561502921777048	0.443803016044105	-4.607782403358189	-0.2621106097735443	-5.217899309755417	0.6986191433614816	-2.821960784137394	-0.768352987239501	-0.2732742147391427	-5.25808446982124	-5.2414220529280895	0.2764536221755278	-3.6671010107110864	0.22704785540242847
Mybph	1.1645532333085	1.8228399964178803	-0.34049654158860865	4.985376495223991	1.876165341447165	3.0898274086747426	1.7590931684346918	3.508681918029059	1.605576284218805	3.7155787715025865	0.33264264461329307	1.8517181171761035	0.459348817859098	3.97593601178901	2.8651811838147965	1.8461339263166416	2.395025582370408	4.023328225293787	2.2529719096529086	3.6865518944681575
Myl1	3.269268082317728	4.377152458359049	2.171495676561313	7.461499962341534	4.251767853654069	5.778502846583179	4.529302285097811	5.787374710103748	4.616143889434194	6.358400301209404	2.3161810688678313	4.063148585393495	3.1501369416147402	6.898036158760289	5.64838353661344	4.446722140385039	4.752942307506122	6.459790963231186	4.632641285633225	6.64071117666936
Mylpf	1.7038357122614427	2.5134682577753247	-0.17513881287108282	6.888985902018496	2.3338300566200134	3.89162237870982	2.6334291205664067	4.039675946803987	1.9319990998709806	4.701117122497341	0.36578378440962855	2.377390953945961	1.5653292096474791	5.576482758968905	4.329372926231752	2.3753016443794848	3.1083211072355192	5.282706709525052	2.156903411153974	4.920431666112128
Myog	2.5291213703180317	3.7946592014047664	1.0927038475548208	6.890471417133186	3.7053400408736437	5.066576122727827	4.133437035951384	5.452056543458773	3.6160238132247016	5.659669088131261	2.354320122406542	3.6629615422265696	2.1274439891454393	6.18932412179814	5.302083058246406	3.7552115692394983	4.564490535655457	5.959634282439754	4.031026550080865	5.810298917105345
Myom2	2.121480929430242	4.813788120511876	2.893071371591004	6.43410281653041	3.0758759742273933	5.570018807600335	3.6884612558294902	5.7523383555895276	3.4015468832388036	5.873050665555047	2.9950126142284743	5.035098546192003	3.484804912647324	6.075923506976841	5.529370854947042	3.7727478069249583	4.265569287707668	6.353085175029617	3.88620066741741	6.055255335774192
Nckap1l	0.04277518082285624	-5.226750201040162	0.7594911713393896	-1.8373060858014987	-0.09785851981348787	-5.280354135664134	0.16344947609849214	-0.9779348850343571	-0.8714506408970861	0.5611681975250017	-2.0219098287842243	-0.7196689417261942	0.7386123060827336	-1.606197992750652	-1.3590671554295846	-0.548252574120351	0.3538503524650435	-5.162774541963343	0.6896474884862024	-0.6070211697380385
Ndst3	1.7310937408769096	-0.34441045158990946	1.826204157202883	-0.978804514581572	2.0994824204093683	0.34034644240201073	1.5348045538191601	-0.11830825432395303	2.212653160151452	-0.29970226303938585	1.2257695139298195	0.3522323775414014	1.6364443104052493	-2.3464426829802747	0.6188695761276419	1.6908939738732973	1.9608423619796207	-0.6446288371096086	2.2933734142232236	0.03542053274783308
Nptx1	5.325350216926217	3.5212280642095997	5.992842708967078	3.3555459089408295	5.721008317230491	3.909932033792686	6.232370795859866	4.204766395368355	6.959089338061667	4.818855849954021	5.540490059701189	4.016343106963378	6.143732623217041	3.576196545454992	3.95149739673992	5.816668722039179	6.3581267105967765	3.7862028629007	7.297695374090765	4.772423833060541
Npy1r	-1.1224444105609157	2.098476938665115	-2.200450766497235	3.156602803746766	-0.24272645453158884	3.426354974261408	-0.26376295091856233	3.7747111086960534	-0.026154926115362343	3.265900099091244	-0.684446418978216	2.968424363615683	-1.1051648646202699	3.8835287770883324	3.960090353655377	-0.8617050359226329	-0.7250383299237252	4.012003436923141	-0.6595990977558919	4.038670390976733
Npy4r	0.24866464041458786	4.224014746486119	0.17189853311566783	5.42206809129025	-0.5520774639578782	5.278014416312014	0.4954880387502406	5.752888650488215	0.94820067937324	4.899714264669221	0.7575582655709399	5.555356356740953	1.987342998826849	5.908848342151637	5.615641694487331	0.8005145834555207	1.7663119865946757	5.6067645960489685	1.7578150358334894	5.726922527491646
Nxph3	-0.11501669758827555	-2.427973698052649	0.17175714128353942	-3.6180249128600384	-0.6613357303755864	-2.1083856171130337	0.5458336944234194	-2.9332811759232618	0.8368063997934854	-1.5955252090562784	0.5065700339787252	-1.793457169038102	0.9571117033868161	-1.5247464804423254	-1.3979462714668849	-0.22044211597525953	-0.20021976333896294	-1.2651448083295425	0.9066774376389009	-0.3922648611026025
Omd	0.7789333182016701	1.5689874630203877	-0.6078344327957117	2.8368498083061473	0.2788044050411002	2.446880598197916	1.2028744784891434	2.8013273452874494	0.7548369329737911	2.4721518139467764	0.41065286809931967	1.9171893103845878	-0.3309202648157062	3.0605641335849945	2.744592348801191	0.4569415296508227	1.0515520227439397	3.0577128052075415	0.47709087991642746	2.597280642386153
Orm1	-3.661233893206578	4.164103113944649	-5.377809849485888	5.49989827552593	-5.309929281761597	4.8503414283491	-3.749314904626106	5.26764655451082	-3.807667166030823	4.692017293512782	-3.64070103236147	4.54937986314261	-5.271315690072758	5.430104850324634	5.083665334672774	-4.259912287461771	-5.2414220529280895	5.73130367609063	-2.54772471785282	4.777071011974668
Orm2	-3.6616031971494665	1.9992651638410452	-5.377809849485888	3.683653328659672	-5.309929281761597	2.959710241805294	-3.749685395529004	3.3599335142939575	-5.390462556877854	2.5691505633587157	-5.217899309755417	2.566441418152677	-5.271315690072758	3.6061789196289373	3.261851762708554	-4.260189682590941	-5.2414220529280895	3.926824450845217	-5.354753170082542	2.9686992880888297
Orm3	-1.342016422881089	2.89838575940987	-3.059979612924263	4.058985308809402	-5.309929281761597	3.466491165901309	-3.748908612852253	3.9892206542416675	-3.070670269826938	3.284377721333433	-2.057839940169012	3.3844720735016662	-2.108544111314615	4.302621013278839	3.9445843260347084	-2.0908693616422105	-0.8504674553723222	4.409880321590811	-1.4476419259245759	4.071842990444725
Pbp2	0.6363233793084212	-2.9118629736823984	1.0262772729293423	-1.7425213900323993	0.5806299499704711	-2.9547107159874817	-0.20652461916898193	-2.451121165197152	0.033676171588587364	-1.8367648348280554	0.2677875412085119	-2.0830506552407186	0.5584160708032959	-2.4180151928178857	-2.983927147130268	0.7133947820383069	0.31031695401561493	-2.000056854901393	-0.07301362462384813	-1.3421653401672387
Pex5l	-1.2398021087341133	0.02380144312376717	-3.044857766476187	0.19996513947358677	-3.9218591506826095	0.3465340914159115	-1.4872276021937807	0.8366832482855948	-1.2450437732606636	-0.48434078695752125	-2.271722752474256	-0.027243947648106115	-1.791012970813183	0.5760731365003093	0.20787387854576256	-2.9253278187624754	-1.3220020092433278	0.7997840771823875	-1.2948328406471632	0.8915853238208731
Pik3ip1	2.147214427892921	3.9932636169176887	2.110980994073672	5.41909517996122	2.3606087910286875	4.658623125994073	2.946959768015537	5.1867683710746135	2.3049284182513183	4.794090610978769	2.988452838706827	4.614165225991078	3.285634121783387	5.696679065402765	5.314297761389373	2.7398545007068353	2.8719704933927828	5.29457046048928	3.2246789720124163	5.201671930877862
Plekhh1	0.5321632628968712	-5.226750201040162	2.0838882109876526	0.5706920655422199	0.8963627406482384	-0.6428858240477413	0.8736114707088971	-5.25353039492062	0.34924855702654056	1.462843451550348	1.0341323009612118	-5.253183090592456	1.2247692593839656	-1.1970195731685056	1.3860026048892986	-0.4661563517144672	0.6528568222206756	-5.162774541963343	0.6701683619906386	-3.5774086942505945
Plin4	-5.158138690140675	4.563883589026133	-3.0196229520191413	3.401413186585378	1.1113849309591797	2.4244254963547376	-2.01149499434273	5.071356108085985	2.7568028325705627	5.211447796456545	-1.5248345634340787	1.8187591055937067	2.4127074798630885	4.628748350921317	4.284282844564983	2.574310257490528	-4.595481960397467	5.675855018845979	-0.8839768110487874	6.195035592217904
Postn	5.597864044401851	8.144743809850798	4.702808121528803	9.625327860003756	6.67042250225511	8.971007822525806	6.71202811951268	9.359109258160744	5.841950868336407	8.61887638050566	5.590917997819437	8.203757366583966	4.972185888360719	9.160008908919119	9.084546477770933	6.487464661193792	7.088821594853022	9.83968106424013	6.107915704207238	8.369099211443677
Ppil6	-5.238135543315253	0.256388624465433	-2.575833028318004	0.7641209921135698	-2.4948449015424807	0.8591289558235898	-2.528590343257128	0.023524717594473655	-2.4533867040355033	0.584961654214348	-5.217899309755417	0.16422942199502022	-1.0286346700265112	1.3135961784714787	0.8411923717219176	-1.1763356431507683	-2.07458091092535	0.7156372231411124	-1.8986027138230541	0.633254567413507
Ppl	1.6762362415659133	5.295928328178092	1.0602798768485109	5.822979757418771	1.8991984253222103	5.771125573496982	1.606303294816574	6.059592813188225	2.302023883995832	5.690675249920973	1.7978024824919105	5.8788886142922685	1.807672991674795	5.719752705022529	5.774504465615675	1.810841028795079	2.1728066857624606	5.690597695924352	2.1852289161583855	5.546484136230518
Ppp1r1b	-2.733530855038244	-0.3715025110225439	-1.8099447459129547	0.23275129290849994	-5.309929281761597	-0.06838690800107909	-5.335441072259133	0.7769189328669678	-1.9999439057187414	-0.23689838929830612	-1.04392336604252	0.5079204224151531	-0.43424784579947984	1.075422644066116	0.027611660403455737	-1.9043597001608104	-5.2414220529280895	0.8114918370769755	-2.1200201301586294	0.8894185643312378
Prelp	0.48773567366311843	3.2469331631946745	0.601355135836355	4.365128954585626	1.9546519968121576	4.224526140153024	1.917329998657345	5.040090851078693	2.1609094156473043	4.4134051610223946	2.789328509520466	4.012258222715721	2.6847795963679855	4.631846688814633	4.466600932529546	2.8517417806450793	3.1630121006109455	5.353939519740372	3.088309130371307	4.8508620411115455
Prg4	3.219557762267022	7.162288760941822	2.258580947141798	8.344408355046399	2.4666000087643942	7.997021999067631	2.8631489410891864	8.44584154288057	3.8114110369517786	7.967214015357682	3.576400440347628	8.060083566801161	5.015195091306438	8.731918217508197	8.52317598389458	3.2665333390052127	3.6474646393463193	8.081677093958653	4.660474713139471	8.68598281303359
Prr15l	-5.238135543315253	1.9587600601828599	-2.619672340007774	2.4920357649578873	-2.667230475239361	1.5297716195016517	-5.335441072259133	2.214566240649056	-3.5438011558052587	2.1052819749320117	-3.3759184466107555	2.2977371111512563	-2.138476236077002	1.8376630961293312	2.2767875125504076	-3.412790553133214	-2.610414048563234	1.9799361235259794	-3.850073198945705	1.7381608610755772
Psca	1.2899993017252314	2.980505331115289	0.5473100347000812	3.7030569961285718	0.37479235899698315	3.538221436993567	1.265539475461817	3.5135631466707773	1.1456838633732085	3.6005034256709583	0.8804829658109664	2.4122274056906363	0.7876521405406782	3.7497265189181617	2.793845907393584	0.759994910654506	1.0230389871639884	3.5765703195216076	0.4767943903220562	3.5499419645371235
Rasl12	0.31893478373289996	2.516065028267741	-0.1663200701990669	2.0288291913552294	-0.1446592546235763	2.647958813709579	-0.23200911453212908	2.644791969020031	1.1594401149920632	2.7045582228474485	0.6563046602061938	2.5604064192510707	0.5365955436863509	1.9920161303814485	2.7280500919785773	0.107789764051602	-0.1531920080129015	2.55684540071204	1.3933670029796699	2.9167637864696365
Rgs2	2.5044142887194742	5.314253628026258	1.4246243226162352	7.391244156323258	2.906124116395729	6.226176589198828	3.2638706442194376	6.093301609917146	2.323155621394587	5.88457543369028	2.5589021556515625	5.7765055950738775	2.8602904307073143	6.836340332347536	6.199600805950333	2.745361488145834	3.2856737583732682	6.482908940967969	3.095020561532897	5.82005849193426
Rnf125	-1.9078417620860024	-0.40564656716557906	-0.819306508660159	-1.815397519194894	-2.481038699718371	0.4813525687917135	-2.863802497311366	0.3931640857187781	-2.0545767920748537	-0.5288131258029719	-2.0829724462796437	0.28818060121574085	-0.7526903306462547	0.7612154528973931	0.6502979414407003	-5.25808446982124	-1.304456128184392	0.4994826082259445	-1.5998619732996464	0.2378989182119376
Rnf183	0.4379734884245893	-0.5104043675505566	1.3444033752151814	-2.156288213123941	0.4030007550232706	-1.313813380529481	-0.2613412266523553	-5.253530436298875	0.39493583126216625	-1.7288226284721053	-0.017124199876730223	-1.3002123904680036	0.6817087884523136	-1.2717046833641599	-2.2694403486069032	-0.041366119281927134	0.805969716134594	-2.1198413453094567	0.23591693148412107	-1.6759921566938514
Rtn4rl2	0.5144044870650203	2.6562534069784323	0.20922390731610396	2.442538937417493	-0.2783710178087937	2.847755621726168	0.06976372560203159	2.758766450365235	-0.1277392174334817	1.801176686922414	1.0949825991554434	3.4640534708139823	1.243894315544072	2.702491935556693	3.238203093746219	1.0550200334243696	0.9636509769882138	3.418979534898248	0.6430183804120658	3.056019106563247
Ryr1	-4.7203588175843985	1.6137566474426934	-3.832906897290532	3.4036200789747477	1.3579695524601425	2.562082682055582	1.6847797730401664	2.912743959713752	1.9187618661102788	3.5748998989243277	-4.185950450351245	1.822908927828333	0.46699524469870696	2.0245427680385437	1.0315086422686268	1.0140496756428987	1.894408557367272	2.5532635152939256	2.66388442422867	3.1055853618485245
Scara5	0.1994682071740042	1.3005320590004328	-0.7807134825579353	3.8545108601906977	0.5543213643933214	2.4194641587562895	0.9649844495236689	2.867202999107566	0.794421995139426	3.051215615464325	-0.046585153050820234	2.3656767016486135	0.7430957319769604	3.569418455089413	2.901498980334538	0.8715523193416571	1.3683904123824442	2.8240578355382917	1.5444054671781033	3.7074066281657165
Sema7a	6.696773846126838	4.679998288249722	7.0730996730651166	3.871464112934277	6.446779986570387	3.9475006439480596	6.395788118915297	3.8110258353304416	6.411220754905531	3.944495794148149	6.63226151792113	4.260045271709787	6.479229167181562	3.422523368848765	3.8017994210252546	6.481557896878628	6.559870732266677	4.028501993474958	6.298004469047943	3.5723937161584103
Sepp1	4.570682986592429	8.383841814949642	3.763745268538843	10.017867820153697	4.416295795609367	9.182967059403623	4.7468738247195885	9.19554917851563	4.864161799537888	9.083246075823213	4.471787183272502	8.793380672669105	5.102033974262347	10.264605478100925	9.473773073479022	4.589179181974059	5.097927809823835	9.405072148420578	5.112336020724252	9.670626415222161
Serpina1e	-5.238135543315253	0.6065480896200548	-5.377809849485888	1.0601019690588738	-3.795932625385138	1.6117724676187621	-3.6094010989196574	1.7995653307641466	-3.6656385731568433	0.8289860388784759	-5.217899309755417	1.3598826254277259	-2.5629150950057533	1.486067383795284	2.1353338188468673	-2.490588608841157	-5.2414220529280895	2.1943214436530183	-2.585442273013058	1.6692854222498414
Serpina3c	-3.657062729523335	-0.5922439094138995	-3.0596807336731007	0.22417941964535018	-5.309929281761597	0.3367914213759631	-3.751217284429145	0.4174617446142211	-5.390462556877854	-0.3404900048373047	-3.634899494739865	0.1050448932071798	-2.9492487835517633	0.5567541258982313	0.9992673797282022	-2.4564563135923554	-5.2414220529280895	0.8937572992121223	-5.354753170082542	0.3045522191173695
Serpina3m	-0.48981902001204586	4.822418634991331	-5.377809849485888	6.746960266957569	-3.720651392649395	6.0947285879907405	-3.014075511715072	6.564692183746766	-3.806494311136297	5.384884954139741	-2.8994420320876464	6.020889762709811	-2.4650312393635687	7.130710576922529	6.639547974443374	-2.9411570391399224	-2.9217722907962167	6.975740836746103	-3.0364091463212977	6.432251875282742
Serpina3n	1.8107996652719653	5.80012129593786	-1.4757155139194884	8.378987182362426	-1.2177452086431875	7.333717585604893	-0.382567363979103	7.802324555487714	-0.9996518808711463	6.6346076925761865	-0.8289997499003843	7.098906409583199	0.8779722951527252	8.463111067809637	8.037114298642452	0.22698492943204374	-0.11532837209428723	8.452025724613831	0.3678844836177302	7.9794911001116
Sgcg	0.9198477068525185	2.6381524962444978	0.6159829239601294	4.235077617293267	0.9045694690194759	2.9118226614897615	1.2534134741773775	3.760891472093526	2.1382065275947446	4.148592575178264	1.3496355440174106	2.4734905104899494	1.3545598408464843	4.073453691282201	3.2213073625920097	1.339413505211894	2.1547216240648357	3.3084222248968693	2.098213462837547	4.034437576821633
Slc10a6	-2.4361895741786097	2.399892068898231	-3.0599819024383152	3.5625085628846374	-3.7217116837856152	3.1185046774097724	-3.0146414112689315	3.515927083739225	-2.2219221961418363	2.9081080080547452	-1.7616204108103202	3.1437464302538922	-1.0237208268673854	3.932456953542838	3.5373358691899526	-1.8050010920632675	-1.784988931826962	3.7251336402021753	-3.037186230051435	3.653464528329422
Slc22a12	-4.067202785559618	1.6590929446589364	-5.377809849485888	1.6454703278911975	-4.13294926034905	1.5583048057065836	-5.335441072259133	1.941957277283221	-4.216932607741104	1.2806963119574049	-2.6287957272392504	1.9630574991148493	-2.5070019067119453	2.369242191265958	2.446494288674554	-5.25808446982124	-5.2414220529280895	2.7166079645047847	-5.354753170082542	2.2263276831669323
Slc45a3	0.5760556073029293	3.329234039825407	1.4632198326600618	3.269520293299047	-0.26174678148736574	3.6549887179930898	0.15505860693642623	3.696261845477149	0.9125737627432423	3.533933028059407	0.7577798150766961	3.949818518776509	2.1379328938437254	3.789598158885624	4.283132009742204	-0.30173543812976783	0.6383005259089773	3.6180992500703124	1.14736985799698	4.545596873364048
Smoc1	-3.643911964896802	-0.11260396301620172	-5.377809849485888	0.07788806921279064	-2.9700502632056103	-0.23974070311213413	-3.7389851276443182	0.4695142671233529	-2.5883624664295897	0.31374666043778654	-1.742878737551402	0.6250062463675146	-0.4169526800394005	0.38489717907252413	1.142215149220225	-2.4827616957329743	-0.8341963056204116	0.6030375594650074	-2.173421846711969	1.3440874822676254
Sntb2	1.2614116299322806	1.1846254146720019	3.366182373398842	-5.204267868301881	1.4731127129316757	0.8374674064086606	1.4061251820224245	-1.3271557469753923	2.726685642164152	1.296818584984771	2.4119420095983983	1.2026431218490934	2.339990607849141	-5.228816918191468	-5.301772249029228	0.41737939174974614	1.1277728893971037	-5.162774541963343	3.012850152928789	-5.245715604311968
Socs2	3.310531736268541	5.8709821511537905	2.9844560376573623	6.522119058160364	3.4972263070436185	6.234860031355042	4.138624504762266	6.47728489485658	3.8550194990221764	6.2920993282130375	3.6727120356226464	5.856474997467707	3.6542480024600064	6.385173613682257	6.307081472994333	3.7965676464309426	4.179915697010382	6.481379082383599	4.133945383733318	6.217940726710622
Spsb1	2.897366680481709	5.119683761283276	2.706583400169627	5.459679930799289	2.6740245902085626	5.206798315807223	3.0107485800251195	5.557875558893341	3.1452445534162212	5.479660776491784	2.9409011965129093	5.324771797431228	3.1049983928190734	5.717373378196938	5.419045082294908	3.142641004603446	3.254040744177505	5.520758034743849	3.18358926603741	5.813963092103283
Sult1a1	-3.81795895685361	2.7335392290876994	-1.503235536472457	3.2416279417521645	-2.918580643516999	3.4051360340134993	-2.821103868225714	3.321139785698098	-2.611728638917472	2.3837515047841573	-3.0945351596518615	2.5566049205330774	-2.052699794711492	3.822445149456756	3.545291647441912	-2.6642987238674194	-5.2414220529280895	3.819333175019443	-1.4323852421525924	2.5059626051672725
Sult5a1	-5.238135543315253	-1.8108652060310952	-2.8010512816409063	-1.440922095359057	-1.4613005605438216	-1.5141020610378073	-1.687386759582774	0.46238428941879156	-1.874229442540034	0.21314683278987595	-3.5160492128781917	-0.023003661346523784	-2.4403788292184294	0.4633602818921886	-1.3127881314854286	-1.463475526268784	-1.6346451005889528	1.2343325424999285	-1.734363815739336	0.46305242066579533
Synpo2l	1.3051727991279483	3.3904843973378798	1.1943704366343362	5.198815461834756	2.0340064235296564	4.6269205151739055	2.567396730956228	4.847370821922067	2.9607277666655336	5.081325866499937	1.5545361120052923	3.3893117529210604	1.44424159121862	4.962817202372053	4.347936362993643	2.3697320138400717	3.271267880264724	4.807021414390983	3.115266019107942	5.170506250409997
Tcp11l2	2.0503062985157468	3.8127647872565915	1.6968843133173999	5.337660225854136	1.969786502185795	4.812110480215128	2.378831746324592	4.8147985240104525	2.1866579007325586	4.448022662611753	2.093252696173123	4.550464419544348	2.404422509028511	5.5699487152234894	4.720816060485905	2.231536573241445	2.5502477854907957	4.682974751821086	2.4357383418911382	4.951506689811617
Timp4	-3.6562742413318303	-1.1188605351662493	-2.574689978814898	0.22654113773488063	-3.5699376387664974	0.36825131915867004	-3.0153389997174798	0.32768918458253	-5.390462556877854	-1.6236738554715582	-2.04897751290542	-0.17602745237529605	-3.638338682483289	0.7248851482867665	-0.03509119470677112	-2.9424724176773047	-3.6588802530880975	0.6614771197391726	-2.9581914055607337	0.3266310917786481
Tmem100	-3.658162511587571	0.3779066447216303	-5.377809849485888	0.7279522147652124	-2.9838208012186587	0.7443489373635324	-3.014868696513322	1.1857402408651692	-5.390462556877854	0.8927469367606863	-5.217899309755417	0.4189633730341912	-5.271315690072758	0.9643273911334294	0.9976867867527343	-5.25808446982124	-1.7854166443084183	0.849742554413893	-2.189758809725642	0.8579167243667671
Tmem176b	-5.238135543315253	1.071631129123129	-5.377807735559113	1.2055008120196207	-5.309927782771597	0.44175262180396935	-5.335441072259133	0.7078685734317893	-5.390462556877854	-5.289669714685105	-2.3260307863992224	1.4891628414548168	-1.1861987196245394	0.979690884944441	1.5950630622714068	-1.403854291826851	-1.6841562771901408	1.3190167104413526	-0.9459464349745157	0.8763590583234515
Tmem200a	2.3206238348212294	-0.26414441483888607	3.335653023732442	-5.204267868301881	2.268822978109885	0.29987856137720814	2.409584014090198	0.3799384858898378	2.021345557857148	-5.289669714685105	1.8457705371634008	-5.253183469457782	2.659945827054329	-1.0745387972782365	-0.4108388046130171	1.7543492425586893	1.5303032757398296	-0.2823459860419039	2.1605521314972025	-1.6124493782368983
Tmem8c	2.08417990177825	3.574063256935802	0.9560634088408478	6.156624427973387	2.789503961885159	4.698939898278094	3.2815410339901656	4.9465031622797495	3.0455541271757305	5.228997705375898	1.8090931846303304	3.289372066496635	1.4118403606538121	5.908236564062229	4.80520474463439	2.7180986767144106	3.664766547474405	5.572019739900485	3.266149268290604	5.812476035263791
Tnni2	-1.4153475017949646	1.0742266521143673	-3.8225032080558776	3.378130114129565	-0.45116289133649107	0.9179026788122733	0.20086803562294755	1.2158515017598595	0.48414509748188395	1.8917576614411606	-3.309675039575193	-0.47595773669220826	-1.09141167180529	2.599050954075222	1.5740618738672292	-0.22189657020498274	0.5237354461380564	1.359631982898479	-0.41297087197230775	1.1941571832700553
Trdn	-1.250265068755371	-0.2800297513999269	-2.8032750600657197	1.7342828986633498	-1.9283784733828233	0.6730301422978453	-2.596089575800195	0.874913665477806	0.030169110498499845	1.6838082797084053	-5.217899309755417	-0.29312879595346214	-1.4205334967870205	1.4430181492959646	0.8037706964502689	-1.4734195883137873	-0.28703511225953704	1.6005943312810722	-0.5979114888849884	1.6583026481714387
Trim63	-1.4752477734192617	-0.39016898482923834	-1.0508551410637765	1.8139692816764235	-3.8030156695963493	-0.2945449589900424	-1.2362602492447055	0.4785208201864522	-2.11809949505953	0.7856210265702329	-1.3475749657784741	1.281466412575133	-1.9469776580148732	1.9886290236737136	0.839949377780506	-2.196897624805421	-2.0626487865546173	0.9618634010884124	-0.8992351973107865	0.943966568440083
Trnp1	2.5593870841855892	4.855633763710361	3.0594547726778685	4.616954174778326	1.8157882281318771	4.495870348149223	2.394234691759909	5.015522471711151	2.7773463313680917	4.531712130314466	3.327062344077492	5.10762342836358	3.798038991698478	5.311394792444185	5.586832219705963	3.047717817735998	3.135130423079328	5.3166802942087985	2.6279707510499843	5.429864071416985
Trp53inp1	3.6969520328640986	4.78543898961924	4.355398611668028	6.838778766764171	3.5891135829248255	6.258844400089197	3.7493310977984526	6.283918586711167	4.000797758125762	5.7322282974787235	4.484384845553092	6.241476815996302	5.3555648253464305	6.994517095977517	6.4948734249607565	3.8934718216683137	4.164230037099222	6.170719351014309	4.993237297439653	6.506335959176243
Tsc22d3	5.215628670631486	8.347302159857238	4.944141280901086	9.086450040634373	5.659678332346441	8.868846637010643	5.611513657408964	8.887501154934224	5.50939656936905	8.717867954527373	5.069516185641378	8.54909448178084	5.3070534998332635	9.10065839905216	8.990323023158004	5.567126380605232	5.7336964498063905	8.937070937130127	5.630167237014736	8.946700119991576
Ttn	0.7269739749182048	3.53761502774793	2.2331654947125026	6.33463566983254	2.5252843020606983	4.767668086249512	3.3505223516487788	4.813355651819705	3.8720692136155317	6.160827953589148	1.6042536747392775	4.572047515767588	2.1045395364589874	5.422866279894353	5.353902933132597	4.399950386863052	4.547251059095482	4.861423753959869	5.085893257067266	4.945688060735206
Ugt1a6b	0.5526600575893755	2.087007137019941	-0.6932859836123957	2.653578813105552	0.1608533555691117	2.0724368504183586	0.622023473528774	2.5289924735077483	-0.3157461387744191	2.516138694056902	-0.5035944003599468	1.999279294981905	1.3945429864763073	3.3130722608168766	2.5958072295746057	0.5679616442385914	0.82780905763471	2.5081385313701134	0.4121633431791731	2.542658484375317
Unc13c	0.9361915742921606	-1.5968787659163233	0.6191359531540452	-1.4209066850280734	1.0700987016995045	-2.166842179502275	0.37938916134783707	-1.0657692331548736	0.1613252393762444	-1.2676973831005842	0.33225999706670173	-1.7666237969948437	0.02632776643804505	-3.6845542156370112	-2.189137648269226	0.34238980569048616	0.525318199133605	-1.7733210271065816	0.5376324089554204	-2.980462259410059
Usp2	0.5488763478342813	3.9354233768561806	0.5342189682587526	5.091401348266692	1.83608116756877	4.038028527251729	1.1804969795749984	4.550421377684974	0.9378327935388655	4.80369733451819	0.10659782612269486	3.726267828504099	0.4619988453558164	4.722582526371377	4.534142019296911	1.3007286245482235	0.8343434479479225	4.744621351279952	1.3523200626815313	4.648302289586418
Vipr2	-0.1994959468583715	1.2024777596257248	-0.059114585204610125	2.918043745646732	0.45459286152777695	2.031301115296141	0.3005340922981646	3.272063214940374	1.7218488436129975	3.344136587878143	0.3626927276596463	1.579858764972502	0.6390615559573457	2.8223571131613916	3.0201416200940803	0.3724006395453213	0.7367042054588723	2.4386346957999154	1.237470073083881	3.2247887662479697
Vit	-5.238135543315253	-0.5932854449161256	-5.377809849485888	1.0258282711415596	-3.7226319711205345	1.0606022445154166	-5.335441072259133	0.934982274319303	-3.806691593886544	-0.3452049839664932	-5.217899309755417	0.5796389720632411	-5.271315690072758	0.7019086779535516	-0.06052465684797577	-5.25808446982124	-1.3381114636585503	1.3750817272287572	-3.774046207550584	-0.6071133765639122
Vldlr	0.6857056862964115	-1.3513131335816753	-1.4635158621408375	2.57224570889848	-0.4645728753083197	1.2175402018815216	-3.2754713788077647	1.7577562952603245	-0.4722524603609815	1.4264126498771348	-0.3178165624232194	1.2656642290479645	-0.4480717440114035	1.772853732928477	1.4500592301675594	-1.7143860625855727	0.6587567942106476	1.5303899100461373	-0.1379390767284137	2.107415185047484
Vnn1	1.9158101981925029	4.39145175595588	2.443677369709153	4.225889241224562	1.3237227325491863	4.329063273818845	1.7170730084259775	4.226873268078068	2.1237971182540663	4.233019642029219	1.744921665917155	3.9052705403030377	2.0956276349146665	4.011109580535099	4.169003885115594	1.3347333810316941	1.6593237256208258	4.1100564781178734	1.9704591770904074	4.113520846044977
Vwce	-0.719215531335867	0.3224885504628644	-0.9643344425300789	0.8206890028493512	-3.4890118724085837	-0.17310234733301397	-2.444396647610978	1.2531988416033173	-2.8077610827746877	0.4879659017288203	-2.2282467925751113	1.2057962612912927	-1.1640173580596542	1.2124872264731559	1.2963051817687592	-3.5354349529654474	-2.090670326210133	1.1443961149956678	-2.8684953225227168	0.9062954585036712
Wisp2	3.2850967629026333	5.658276296312301	3.323327807100418	5.454632139881463	3.169807076804749	5.652765889866459	3.5344514475993623	6.180304067977051	3.331333909142184	5.746408180871256	3.8222670856418	5.774089128017059	4.3822017421327795	5.858260320986056	6.138978947724764	4.009699208851061	4.019280190179966	6.162779540146576	3.9099115958710544	6.126186210082854
Wnt7b	1.930105756400649	-4.1283392488539805	-0.7919502338520742	-0.4974790349360148	1.4290329334267757	-0.9312545770689268	1.250460466882975	-0.7745041512561402	-0.12562062631546622	-1.4927131848693798	1.3301158884365807	-0.7862406192879874	-3.660577212363155	-4.907931342351131	-4.6847388553351665	1.6496572231454436	0.833219590061721	-4.66123366726168	1.1120885359711423	-1.130364079933308
Zbtb16	-3.656198734198254	1.5838111502930476	-2.5745609275547223	2.598934809275357	-5.309929281761597	2.1904717892208585	-5.335441072259133	2.643423077088877	-3.8062107465439174	1.6484760123572089	-5.217899309755417	2.7597222370050374	-5.271315690072758	2.352451530193828	2.671602254502207	-5.25808446982124	-5.2414220529280895	1.9448735991349828	-3.774316355337359	1.9953490071760271
Zim1	2.125242861104324	3.7727879992719804	2.5456968421521387	5.504293390906949	2.062486984644258	4.983037626040862	3.0204355254272484	5.600376466319751	3.4903608442559775	5.469412201120961	2.0884373081669847	4.775149035792199	3.2186825569526953	5.617506356701998	5.171796730767395	2.720786612559141	3.6012233304633883	5.228782576131779	4.684498832041364	5.740027070650656
